0 1 0 0.5 0
0.19635 1 -0.19635 0.519277 0.0192766
0.392699 0.961447 -0.392699 0.539296 0.0392963
0.589049 0.884341 -0.581479 0.560088 0.0600879
0.785398 0.770167 -0.755119 0.581681 0.081681
0.981748 0.6219 -0.906341 0.604107 0.104107
1.1781 0.443941 -1.02845 0.627397 0.127397
1.37445 0.242005 -1.11562 0.651585 0.151585
1.5708 0.0229539 -1.16314 0.676706 0.176706
1.76715 -0.205427 -1.16764 0.702795 0.202795
1.9635 -0.434693 -1.12731 0.72989 0.22989
2.15984 -0.65604 -1.04196 0.758029 0.258029
2.35619 -0.860627 -0.913142 0.787254 0.287254
2.55254 -1.03992 -0.744158 0.817605 0.317605
2.74889 -1.18604 -0.53997 0.849126 0.349126
2.94524 -1.29206 -0.307092 0.881862 0.381862
3.14159 -1.35236 -0.0533969 0.915861 0.415861
3.33794 -1.36284 0.212138 0.95117 0.45117
3.53429 -1.32119 0.479731 0.987841 0.487841
3.73064 -1.22699 0.739146 1.02593 0.525925
3.92699 -1.08186 0.980066 1.06548 0.565478
4.12334 -0.889427 1.19249 1.10656 0.606556
4.31969 -0.655283 1.36713 1.14922 0.649217
4.51604 -0.386848 1.49579 1.19352 0.693523
4.71239 -0.0931497 1.57175 1.23954 0.739537
4.90874 0.215463 1.59004 1.28732 0.787325
5.10509 0.527666 1.54773 1.33696 0.836955
5.30144 0.831563 1.44413 1.3885 0.888499
5.49779 1.11512 1.28085 1.44203 0.94203
5.69414 1.36661 1.0619 1.49762 0.997625
5.89049 1.57511 0.793563 1.55536 1.05536
6.08684 1.73093 0.484291 1.61533 1.11533
6.28319 1.82602 0.144423 1.6776 1.1776
6.47953 1.85438 -0.214115 1.74228 1.24228
6.67588 1.81234 -0.578221 1.80945 1.30945
6.87223 1.6988 -0.934072 1.87921 1.37921
7.06858 1.5154 -1.26763 1.95166 1.45166
7.26493 1.2665 -1.56518 2.0269 1.5269
7.46128 0.959177 -1.81386 2.10505 1.60505
7.65763 0.603027 -2.00219 2.1862 1.6862
7.85398 0.209898 -2.12059 2.27049 1.77049
8.05033 -0.206479 -2.16181 2.35802 1.85802
8.24668 -0.630949 -2.12126 2.44893 1.94893
8.44303 -1.04746 -1.99738 2.54334 2.04334
8.63938 -1.43964 -1.79171 2.6414 2.1414
8.83573 -1.79144 -1.50904 2.74323 2.24323
9.03208 -2.08774 -1.15729 2.84899 2.34899
9.22843 -2.31498 -0.74736 2.95883 2.45883
9.42478 -2.46172 -0.292816 3.0729 2.5729
9.62113 -2.51921 0.190542 3.19137 2.69137
9.81748 -2.4818 0.685188 3.31441 2.81441
10.0138 -2.34726 1.17249 3.44219 2.94219
10.2102 -2.11705 1.63337 3.5749 3.0749
10.4065 -1.79634 2.04905 3.71272 3.21272
10.6029 -1.394 2.40176 3.85586 3.35586
10.7992 -0.922419 2.67548 4.00451 3.50451
10.9956 -0.397091 2.85659 4.1589 3.6589
11.1919 0.1638 2.93456 4.31924 3.81924
11.3883 0.74 2.9024 4.48576 3.98576
11.5846 1.30988 2.7571 4.6587 4.1587
11.781 1.85124 2.49991 4.83831 4.33831
11.9773 2.34209 2.13642 5.02484 4.52484
12.1737 2.76158 1.67655 5.21856 4.71856
12.37 3.09077 1.13431 5.41975 4.91975
12.5664 3.31349 0.52744 5.6287 5.1287
12.7627 3.41705 -0.123162 5.84571 5.34571
12.9591 3.39287 -0.794099 6.07108 5.57108
13.1554 3.23695 -1.46029 6.30514 5.80514
13.3518 2.95022 -2.09586 6.54822 6.04822
13.5481 2.5387 -2.67514 6.80067 6.30067
13.7445 2.01344 -3.17361 7.06286 6.56286
13.9408 1.3903 -3.56895 7.33516 6.83516
14.1372 0.689542 -3.84193 7.61795 7.11795
14.3335 -0.0648195 -3.97732 7.91165 7.41165
14.5299 -0.845765 -3.96459 8.21667 7.71667
14.7262 -1.62421 -3.79853 8.53344 8.03344
14.9226 -2.37005 -3.47962 8.86243 8.36243
15.1189 -3.05327 -3.01426 9.20411 8.70411
15.3153 -3.64512 -2.41475 9.55896 9.05896
15.5116 -4.11925 -1.69903 9.92748 9.42748
15.708 -4.45286 -0.890218 10.3102 9.81022
15.9043 -4.62765 -0.0159011 10.7077 10.2077
16.1007 -4.63077 0.892736 11.1205 10.6205
16.297 -4.45549 1.80199 11.5493 11.0493
16.4934 -4.10167 2.67682 11.9945 11.4945
16.6897 -3.57607 3.48218 12.4569 11.9569
16.8861 -2.89235 4.18434 12.9372 12.4372
17.0824 -2.07076 4.75225 13.436 12.936
17.2788 -1.13765 5.15884 13.954 13.454
17.4751 -0.124718 5.38222 14.4919 13.9919
17.6715 0.932079 5.40671 15.0506 14.5506
17.8678 1.99368 5.2237 15.6309 15.1309
18.0642 3.01936 4.83224 16.2335 15.7335
18.2605 3.96816 4.23939 16.8594 16.3594
18.4569 4.80057 3.46024 17.5094 17.0094
18.6532 5.47998 2.51765 18.1844 17.6844
18.8496 5.97432 1.44166 18.8855 18.3855
19.0459 6.25739 0.268606 19.6136 19.1136
19.2423 6.31013 -0.96003 20.3697 19.8697
19.4386 6.12163 -2.19902 21.155 20.655
19.635 5.68985 -3.401 21.9706 21.4706
19.8313 5.02207 -4.5182 22.8177 22.3177
20.0277 4.13492 -5.50428 23.6974 23.1974
20.224 3.05416 -6.31617 24.611 24.111
20.4204 1.81398 -6.91586 25.5598 25.0598
20.6167 0.456057 -7.27203 26.5452 26.0452
20.8131 -0.971803 -7.36158 27.5686 27.0686
21.0094 -2.41724 -7.17076 28.6315 28.1315
21.2058 -3.82522 -6.69614 29.7353 29.2353
21.4021 -5.14 -5.94506 30.8817 30.3817
21.5984 -6.30731 -4.93582 32.0723 31.5723
21.7948 -7.27646 -3.69738 33.3088 32.8088
21.9911 -8.00244 -2.26865 34.5929 34.0929
22.1875 -8.44789 -0.697377 35.9266 35.4266
22.3838 -8.58482 0.961362 37.3117 36.8117
22.5802 -8.39606 2.64699 38.7501 38.2501
22.7765 -7.87632 4.29555 40.2441 39.7441
22.9729 -7.03289 5.84206 41.7956 41.2956
23.1692 -5.88581 7.22297 43.407 42.907
23.3656 -4.46758 8.37864 45.0804 44.5804
23.5619 -2.82244 9.25585 46.8184 46.3184
23.7583 -1.00506 9.81003 48.6234 48.1234
23.9546 0.921139 10.0074 50.498 49.998
24.151 2.88608 9.82651 52.4449 51.9449
24.3473 4.81551 9.25983 54.4668 53.9668
24.5437 6.63368 8.3143 56.5667 56.0667
24.74 8.26619 7.01179 58.7475 58.2475
24.9364 9.64295 5.38872 61.0124 60.5124
25.1327 10.701 3.49534 63.3646 62.8646
25.3291 11.3873 1.39419 65.8075 65.3075
25.5254 11.6611 -0.841702 68.3446 67.8446
25.7218 11.4958 -3.13135 70.9795 70.4795
25.9181 10.881 -5.38855 73.716 73.216
26.1145 9.82293 -7.52502 76.558 76.058
26.3108 8.3454 -9.45375 79.5095 79.0095
26.5072 6.48916 -11.0924 82.5748 82.0748
26.7035 4.31118 -12.3665 85.7584 85.2584
26.8999 1.88302 -13.213 89.0646 88.5646
27.0962 -0.711346 -13.5827 92.4983 91.9983
27.2926 -3.37831 -13.4431 96.0644 95.5644
27.4889 -6.01785 -12.7797 99.768 99.268
27.6853 -8.52714 -11.5981 103.614 103.114
27.8816 -10.8044 -9.92383 107.609 107.109
28.078 -12.753 -7.80238 111.758 111.258
28.2743 -14.285 -5.29834 116.066 115.566
28.4707 -15.3253 -2.4935 120.541 120.041
28.667 -15.8149 0.515616 125.188 124.688
28.8634 -15.7136 3.62086 130.015 129.515
29.0597 -15.0027 6.70623 135.027 134.527
29.2561 -13.6859 9.652 140.233 139.733
29.4524 -11.7908 12.3392 145.639 145.139
29.6488 -9.36796 14.6543 151.254 150.754
29.8451 -6.49059 16.4937 157.085 156.585
30.0415 -3.25205 17.7682 163.142 162.642
30.2378 0.236718 18.4067 169.431 168.931
30.4342 3.85086 18.3602 175.963 175.463
30.6305 7.45588 17.6041 182.747 182.247
30.8269 10.9124 16.1401 189.793 189.293
31.0232 14.0816 13.9975 197.11 196.61
31.2196 16.83 11.2326 204.709 204.209
31.4159 19.0355 7.92803 212.601 212.101
