0 1 0 0.5 0
0.19635 0.962878 -0.189061 0.481439 -0.018561
0.392699 0.89139 -0.364085 0.463567 -0.036433
0.589049 0.789466 -0.519096 0.446359 -0.0536415
0.785398 0.662019 -0.649083 0.429789 -0.0702112
0.981748 0.514727 -0.75015 0.413834 -0.0861658
1.1781 0.353796 -0.819617 0.398472 -0.101528
1.37445 0.185705 -0.85608 0.38368 -0.11632
1.5708 0.01696 -0.85941 0.369437 -0.130563
1.76715 -0.14615 -0.830714 0.355723 -0.144277
1.9635 -0.29778 -0.772245 0.342517 -0.157483
2.15984 -0.432727 -0.687279 0.329803 -0.170197
2.35619 -0.546601 -0.579954 0.31756 -0.18244
2.55254 -0.635956 -0.455084 0.305771 -0.194229
2.74889 -0.698387 -0.317956 0.29442 -0.20558
2.94524 -0.732575 -0.174116 0.283491 -0.216509
3.14159 -0.738298 -0.0291512 0.272967 -0.227033
3.33794 -0.716403 0.111514 0.262834 -0.237166
3.53429 -0.668725 0.242818 0.253077 -0.246923
3.73064 -0.597994 0.360234 0.243682 -0.256318
3.92699 -0.507689 0.459918 0.234636 -0.265364
4.12334 -0.40189 0.538829 0.225926 -0.274074
4.31969 -0.2851 0.594808 0.217539 -0.282461
4.51604 -0.162061 0.626629 0.209464 -0.290536
4.71239 -0.0375744 0.634007 0.201688 -0.298312
4.90874 0.0836862 0.617575 0.194201 -0.305799
5.10509 0.197339 0.578828 0.186992 -0.313008
5.30144 0.299447 0.520032 0.180051 -0.319949
5.49779 0.386648 0.444113 0.173367 -0.326633
5.69414 0.456259 0.354527 0.166931 -0.333069
5.89049 0.506349 0.255106 0.160734 -0.339266
6.08684 0.535783 0.149905 0.154767 -0.345233
6.28319 0.544235 0.0430446 0.149022 -0.350978
6.47953 0.53217 -0.0614467 0.14349 -0.35651
6.67588 0.500797 -0.159778 0.138164 -0.361836
6.87223 0.451999 -0.248528 0.133035 -0.366965
7.06858 0.388233 -0.324757 0.128096 -0.371904
7.26493 0.312422 -0.386101 0.123341 -0.376659
7.46128 0.227828 -0.430835 0.118762 -0.381238
7.65763 0.137917 -0.457915 0.114354 -0.385646
7.85398 0.0462232 -0.466991 0.110109 -0.389891
8.05033 -0.0437823 -0.458394 0.106021 -0.393979
8.24668 -0.128821 -0.4331 0.102085 -0.397915
8.44303 -0.205921 -0.392668 0.0982958 -0.401704
8.63938 -0.272515 -0.339159 0.0946468 -0.405353
8.83573 -0.326521 -0.275047 0.0911334 -0.408867
9.03208 -0.3664 -0.203105 0.0877503 -0.41225
9.22843 -0.391198 -0.126293 0.0844929 -0.415507
9.42478 -0.400553 -0.0476449 0.0813563 -0.418644
9.62113 -0.394691 0.0298526 0.0783362 -0.421664
9.81748 -0.374396 0.103365 0.0754282 -0.424572
10.0138 -0.340955 0.170311 0.0726282 -0.427372
10.2102 -0.296099 0.22845 0.0699321 -0.430068
10.4065 -0.241916 0.27595 0.067336 -0.432664
10.6029 -0.180764 0.311443 0.0648364 -0.435164
10.7992 -0.115172 0.334057 0.0624295 -0.43757
10.9956 -0.0477399 0.343431 0.060112 -0.439888
11.1919 0.0189617 0.339708 0.0578806 -0.442119
11.3883 0.0824832 0.323513 0.0557319 -0.444268
11.5846 0.140585 0.295909 0.053663 -0.446337
11.781 0.191311 0.258345 0.051671 -0.448329
11.9773 0.233052 0.212585 0.0497528 -0.450247
12.1737 0.264592 0.160633 0.0479059 -0.452094
12.37 0.285139 0.104646 0.0461276 -0.453872
12.5664 0.294339 0.0468527 0.0444152 -0.455585
12.7627 0.29227 -0.0105344 0.0427664 -0.457234
12.9591 0.279429 -0.0654001 0.0411789 -0.458821
13.1554 0.256691 -0.115801 0.0396502 -0.46035
13.3518 0.225269 -0.160033 0.0381783 -0.461822
13.5481 0.186651 -0.196682 0.0367611 -0.463239
13.7445 0.142537 -0.224669 0.0353964 -0.464604
13.9408 0.0947698 -0.243277 0.0340824 -0.465918
14.1372 0.0452577 -0.252163 0.0328172 -0.467183
14.3335 -0.00409646 -0.251359 0.031599 -0.468401
14.5299 -0.0514664 -0.241253 0.030426 -0.469574
14.7262 -0.0951674 -0.222567 0.0292965 -0.470704
14.9226 -0.133713 -0.196313 0.028209 -0.471791
15.1189 -0.165865 -0.163745 0.0271618 -0.472838
15.3153 -0.190665 -0.126308 0.0261535 -0.473847
15.5116 -0.207467 -0.0855721 0.0251826 -0.474817
15.708 -0.215944 -0.0431716 0.0242478 -0.475752
15.9043 -0.21609 -0.000742506 0.0233477 -0.476652
16.1007 -0.208208 0.0401391 0.0224809 -0.477519
16.297 -0.192891 0.0780131 0.0216464 -0.478354
16.4934 -0.170981 0.111585 0.0208429 -0.479157
16.6897 -0.143537 0.139769 0.0200691 -0.479931
16.8861 -0.111784 0.161717 0.0193241 -0.480676
17.0824 -0.0770602 0.176848 0.0186068 -0.481393
17.2788 -0.0407645 0.184852 0.0179161 -0.482084
17.4751 -0.004303 0.185697 0.017251 -0.482749
17.6715 0.0309648 0.179617 0.0166106 -0.483389
17.8678 0.0637738 0.167095 0.015994 -0.484006
18.0642 0.0929976 0.148835 0.0154002 -0.4846
18.2605 0.117684 0.125728 0.0148285 -0.485171
18.4569 0.137086 0.0988113 0.0142781 -0.485722
18.6532 0.150678 0.0692257 0.0137481 -0.486252
18.8496 0.158173 0.0381686 0.0132377 -0.486762
19.0459 0.159517 0.00684747 0.0127463 -0.487254
19.2423 0.15489 -0.0235651 0.0122731 -0.487727
19.4386 0.144685 -0.051974 0.0118175 -0.488182
19.635 0.129488 -0.0773988 0.0113788 -0.488621
19.8313 0.110048 -0.0990067 0.0109564 -0.489044
20.0277 0.0872444 -0.116137 0.0105497 -0.48945
20.224 0.0620488 -0.12832 0.0101581 -0.489842
20.4204 0.0354851 -0.135288 0.00978099 -0.490219
20.6167 0.0085902 -0.136974 0.0094179 -0.490582
20.8131 -0.0176252 -0.133514 0.00906829 -0.490932
21.0094 -0.0422131 -0.125225 0.00873165 -0.491268
21.2058 -0.0643212 -0.112596 0.00840752 -0.491592
21.4021 -0.0832209 -0.0962554 0.00809541 -0.491905
21.5984 -0.0983297 -0.0769484 0.0077949 -0.492205
21.7948 -0.109227 -0.0555017 0.00750553 -0.492494
21.9911 -0.115666 -0.0327907 0.00722691 -0.492773
22.1875 -0.117572 -0.00970559 0.00695864 -0.493041
22.3838 -0.115042 0.0128829 0.00670032 -0.4933
22.5802 -0.108336 0.0341545 0.00645159 -0.493548
22.7765 -0.0978569 0.0533687 0.00621209 -0.493788
22.9729 -0.0841343 0.0698884 0.00598149 -0.494019
23.1692 -0.0677979 0.0832005 0.00575944 -0.494241
23.3656 -0.0495512 0.0929299 0.00554564 -0.494454
23.5619 -0.0301424 0.0988483 0.00533978 -0.49466
23.7583 -0.0103351 0.100878 0.00514155 -0.494858
23.9546 0.00912055 0.0990868 0.00495069 -0.495049
24.151 0.0275154 0.0936842 0.00476691 -0.495233
24.3473 0.044206 0.0850043 0.00458995 -0.49541
24.5437 0.0586359 0.0734912 0.00441956 -0.49558
24.74 0.0703535 0.0596773 0.0042555 -0.495744
24.9364 0.0790245 0.0441609 0.00409753 -0.495902
25.1327 0.0844401 0.0275811 0.00394542 -0.496055
25.3291 0.08652 0.010593 0.00379896 -0.496201
25.5254 0.0853109 -0.00615778 0.00365793 -0.496342
25.7218 0.0809798 -0.0220581 0.00352214 -0.496478
25.9181 0.0738033 -0.0365494 0.0033914 -0.496609
26.1145 0.0641536 -0.0491459 0.0032655 -0.496734
26.3108 0.0524805 -0.0594504 0.00314428 -0.496856
26.5072 0.0392926 -0.0671655 0.00302756 -0.496972
26.7035 0.0251356 -0.0721009 0.00291517 -0.497085
26.8999 0.0105711 -0.0741765 0.00280695 -0.497193
27.0962 -0.00384518 -0.0734215 0.00270275 -0.497297
27.2926 -0.0175836 -0.069969 0.00260242 -0.497398
27.4889 -0.0301592 -0.0640472 0.00250581 -0.497494
27.6853 -0.0411484 -0.0559678 0.00241279 -0.497587
27.8816 -0.0502022 -0.0461106 0.00232322 -0.497677
28.078 -0.0570563 -0.0349076 0.00223698 -0.497763
28.2743 -0.0615379 -0.0228246 0.00215394 -0.497846
28.4707 -0.0635688 -0.0103429 0.00207398 -0.497926
28.667 -0.0631644 0.00205936 0.00199699 -0.498003
28.8634 -0.0604303 0.0139248 0.00192286 -0.498077
29.0597 -0.0555544 0.0248329 0.00185148 -0.498149
29.2561 -0.0487971 0.0344142 0.00178275 -0.498217
29.4524 -0.0404793 0.0423623 0.00171657 -0.498283
29.6488 -0.0309676 0.0484428 0.00165285 -0.498347
29.8451 -0.0206594 0.0524992 0.00159149 -0.498409
30.0415 -0.00996696 0.0544562 0.00153241 -0.498468
30.2378 0.000698567 0.0543191 0.00147552 -0.498524
30.4342 0.0109422 0.0521706 0.00142075 -0.498579
30.6305 0.0203994 0.0481651 0.00136801 -0.498632
30.8269 0.0287483 0.0425204 0.00131723 -0.498683
31.0232 0.0357201 0.0355068 0.00126833 -0.498732
31.2196 0.041107 0.0274355 0.00122125 -0.498779
31.4159 0.044768 0.0186453 0.00117591 -0.498824
