0 1 0 0.5 0
0.19635 0.980907 -0.194475 0.5 0
0.392699 0.924359 -0.381524 0.5 0
0.589049 0.832514 -0.554005 0.5 0
0.785398 0.708879 -0.705331 0.5 0
0.981748 0.558175 -0.829723 0.5 0
1.1781 0.386157 -0.922433 0.5 0
1.37445 0.199394 -0.979919 0.5 -5.55112e-17
1.5708 0.00501759 -0.999987 0.5 -5.55112e-17
1.76715 -0.189551 -0.981871 0.5 -1.11022e-16
1.9635 -0.376881 -0.926262 0.5 -1.11022e-16
2.15984 -0.549821 -0.835283 0.5 -1.11022e-16
2.35619 -0.701765 -0.712409 0.5 -1.11022e-16
2.55254 -0.826912 -0.562331 0.5 -5.55112e-17
2.74889 -0.920484 -0.390781 0.5 -1.11022e-16
2.94524 -0.978906 -0.204309 0.5 -1.11022e-16
3.14159 -0.99995 -0.0100351 0.5 -1.11022e-16
3.33794 -0.98281 0.184622 0.5 -1.66533e-16
3.53429 -0.928141 0.372229 0.5 -2.22045e-16
3.73064 -0.838031 0.545623 0.5 -3.33067e-16
3.92699 -0.715921 0.698181 0.5 -3.88578e-16
4.12334 -0.566473 0.82408 0.5 -4.44089e-16
4.31969 -0.395395 0.918511 0.5 -4.44089e-16
4.51604 -0.209218 0.977869 0.5 -4.44089e-16
4.71239 -0.0150523 0.999887 0.5 -4.996e-16
4.90874 0.179688 0.983724 0.5 -3.88578e-16
5.10509 0.367567 0.929997 0.5 -4.996e-16
5.30144 0.541411 0.840758 0.5 -5.55112e-16
5.49779 0.69458 0.719415 0.5 -6.10623e-16
5.69414 0.821227 0.570601 0.5 -6.10623e-16
5.89049 0.916516 0.399998 0.5 -6.10623e-16
6.08684 0.976807 0.214122 0.5 -6.66134e-16
6.28319 0.999799 0.0200691 0.5 -7.21645e-16
6.47953 0.984613 -0.17475 0.5 -7.77156e-16
6.67588 0.93183 -0.362896 0.5 -8.88178e-16
6.87223 0.843464 -0.537185 0.5 -8.88178e-16
7.06858 0.722891 -0.690962 0.5 -9.4369e-16
7.26493 0.574714 -0.818354 0.5 -9.99201e-16
7.46128 0.404592 -0.914497 0.5 -9.4369e-16
7.65763 0.21902 -0.97572 0.5 -8.88178e-16
7.85398 0.0250854 -0.999685 0.5 -9.99201e-16
8.05033 -0.169807 -0.985477 0.5 -9.99201e-16
8.24668 -0.358216 -0.933639 0.5 -1.05471e-15
8.44303 -0.532946 -0.846149 0.5 -1.11022e-15
8.63938 -0.687326 -0.726349 0.5 -1.05471e-15
8.83573 -0.81546 -0.578813 0.5 -1.11022e-15
9.03208 -0.912456 -0.409176 0.5 -9.99201e-16
9.22843 -0.974609 -0.223913 0.5 -1.05471e-15
9.42478 -0.999547 -0.0301011 0.5 -9.99201e-16
9.62113 -0.986317 0.164861 0.5 -9.99201e-16
9.81748 -0.935424 0.353527 0.5 -9.99201e-16
10.0138 -0.848812 0.528694 0.5 -9.99201e-16
10.2102 -0.729789 0.683673 0.5 -9.99201e-16
10.4065 -0.582898 0.812546 0.5 -9.99201e-16
10.6029 -0.413749 0.910391 0.5 -9.99201e-16
10.7992 -0.228801 0.973473 0.5 -9.4369e-16
10.9956 -0.035116 0.999383 0.5 -9.99201e-16
11.1919 0.15991 0.987132 0.5 -9.4369e-16
11.3883 0.348829 0.937186 0.5 -9.99201e-16
11.5846 0.524428 0.851454 0.5 -1.11022e-15
11.781 0.680003 0.73321 0.5 -1.22125e-15
11.9773 0.809611 0.586967 0.5 -1.22125e-15
12.1737 0.908304 0.418311 0.5 -1.22125e-15
12.37 0.972313 0.233682 0.5 -1.22125e-15
12.5664 0.999194 0.0401301 0.5 -1.38778e-15
12.7627 0.987922 -0.154955 0.5 -1.33227e-15
12.9591 0.938925 -0.344122 0.5 -1.22125e-15
13.1554 0.854075 -0.52015 0.5 -1.33227e-15
13.3518 0.736613 -0.676315 0.5 -1.33227e-15
13.5481 0.591022 -0.806655 0.5 -1.22125e-15
13.7445 0.422864 -0.906193 0.5 -1.27676e-15
13.9408 0.238558 -0.971128 0.5 -1.27676e-15
14.1372 0.0451431 -0.998981 0.5 -1.38778e-15
14.3335 -0.149996 -0.988687 0.5 -1.4988e-15
14.5299 -0.339407 -0.94064 0.5 -1.4988e-15
14.7262 -0.515858 -0.856674 0.5 -1.55431e-15
14.9226 -0.67261 -0.739997 0.5 -1.55431e-15
15.1189 -0.80368 -0.595062 0.5 -1.55431e-15
15.3153 -0.90406 -0.427405 0.5 -1.44329e-15
15.5116 -0.969919 -0.243428 0.5 -1.4988e-15
15.708 -0.998741 -0.050155 0.5 -1.60982e-15
15.9043 -0.989427 0.145033 0.5 -1.66533e-15
16.1007 -0.942331 0.334683 0.5 -1.60982e-15
16.297 -0.859252 0.511553 0.5 -1.66533e-15
16.4934 -0.743362 0.668889 0.5 -1.66533e-15
16.6897 -0.599087 0.800684 0.5 -1.60982e-15
16.8861 -0.431936 0.901904 0.5 -1.60982e-15
17.0824 -0.248291 0.968685 0.5 -1.60982e-15
17.2788 -0.0551657 0.998477 0.5 -1.66533e-15
17.4751 0.140067 0.990142 0.5 -1.66533e-15
17.6715 0.32995 0.943998 0.5 -1.60982e-15
17.8678 0.507235 0.861808 0.5 -1.55431e-15
18.0642 0.665151 0.746709 0.5 -1.66533e-15
18.2605 0.797668 0.603097 0.5 -1.66533e-15
18.4569 0.899726 0.436456 0.5 -1.66533e-15
18.6532 0.967427 0.253149 0.5 -1.60982e-15
18.8496 0.998188 0.0601749 0.5 -1.60982e-15
19.0459 0.990832 -0.135097 0.5 -1.66533e-15
19.2423 0.945642 -0.32521 0.5 -1.72085e-15
19.4386 0.864342 -0.502904 0.5 -1.77636e-15
19.635 0.750037 -0.661396 0.5 -1.72085e-15
19.8313 0.607092 -0.794632 0.5 -1.77636e-15
20.0277 0.440965 -0.897524 0.5 -1.77636e-15
20.224 0.258 -0.966145 0.5 -1.83187e-15
20.4204 0.0651827 -0.997873 0.5 -1.88738e-15
20.6167 -0.130123 -0.991498 0.5 -1.88738e-15
20.8131 -0.320461 -0.947262 0.5 -1.94289e-15
21.0094 -0.498561 -0.866855 0.5 -1.94289e-15
21.2058 -0.657624 -0.753346 0.5 -1.9984e-15
21.4021 -0.791575 -0.611072 0.5 -1.9984e-15
21.5984 -0.8953 -0.445463 0.5 -2.05391e-15
21.7948 -0.964838 -0.262844 0.5 -2.05391e-15
21.9911 -0.997534 -0.0701888 0.5 -2.10942e-15
22.1875 -0.992138 0.125147 0.5 -2.22045e-15
22.3838 -0.948858 0.315704 0.5 -2.22045e-15
22.5802 -0.869345 0.494205 0.5 -2.22045e-15
22.7765 -0.756637 0.653836 0.5 -2.27596e-15
22.9729 -0.615036 0.788499 0.5 -2.33147e-15
23.1692 -0.44995 0.893054 0.5 -2.33147e-15
23.3656 -0.267682 0.963507 0.5 -2.33147e-15
23.5619 -0.0751931 0.997169 0.5 -2.38698e-15
23.7583 0.120167 0.992754 0.5 -2.44249e-15
23.9546 0.310939 0.95043 0.5 -2.44249e-15
24.151 0.489837 0.871814 0.5 -2.498e-15
24.3473 0.650031 0.759908 0.5 -2.55351e-15
24.5437 0.785403 0.618984 0.5 -2.55351e-15
24.74 0.890785 0.454425 0.5 -2.60902e-15
24.9364 0.962152 0.272513 0.5 -2.60902e-15
25.1327 0.996779 0.0801955 0.5 -2.66454e-15
25.3291 0.993344 -0.115184 0.5 -2.66454e-15
25.5254 0.951978 -0.306166 0.5 -2.72005e-15
25.7218 0.874261 -0.485457 0.5 -2.72005e-15
25.9181 0.76316 -0.64621 0.5 -2.72005e-15
26.1145 0.622917 -0.782288 0.5 -2.66454e-15
26.3108 0.458889 -0.888494 0.5 -2.72005e-15
26.5072 0.277337 -0.960773 0.5 -2.72005e-15
26.7035 0.085196 -0.996364 0.5 -2.66454e-15
26.8999 -0.110199 -0.99391 0.5 -2.72005e-15
27.0962 -0.301385 -0.953502 0.5 -2.72005e-15
27.2926 -0.481064 -0.876686 0.5 -2.66454e-15
27.4889 -0.642373 -0.766393 0.5 -2.55351e-15
27.6853 -0.779152 -0.626835 0.5 -2.60902e-15
27.8816 -0.88618 -0.463341 0.5 -2.66454e-15
28.078 -0.959369 -0.282155 0.5 -2.72005e-15
28.2743 -0.995924 -0.0901942 0.5 -2.72005e-15
28.4707 -0.99445 0.10521 0.5 -2.72005e-15
28.667 -0.955003 0.296597 0.5 -2.77556e-15
28.8634 -0.879088 0.476659 0.5 -2.77556e-15
29.0597 -0.769606 0.638519 0.5 -2.77556e-15
29.2561 -0.630736 0.775997 0.5 -2.77556e-15
29.4524 -0.467782 0.883844 0.5 -2.77556e-15
29.6488 -0.286965 0.957941 0.5 -2.88658e-15
29.8451 -0.0951902 0.995459 0.5 -2.94209e-15
30.0415 0.100219 0.994965 0.5 -2.9976e-15
30.2378 0.291802 0.956479 0.5 -3.10862e-15
30.4342 0.472242 0.881469 0.5 -3.10862e-15
30.6305 0.634649 0.7728 0.5 -3.10862e-15
30.8269 0.772823 0.634622 0.5 -3.10862e-15
31.0232 0.881486 0.472211 0.5 -3.16414e-15
31.2196 0.956489 0.291768 0.5 -3.27516e-15
31.4159 0.994969 0.100184 0.5 -3.21965e-15
