0 1 0 0.5 0
0.19635 1 -0.19635 0.519277 0.0192766
0.392699 0.961447 -0.385129 0.536352 0.0363523
0.589049 0.885827 -0.559061 0.548619 0.0486192
0.785398 0.776056 -0.711439 0.554204 0.0542039
0.981748 0.636365 -0.836389 0.552253 0.0522534
1.1781 0.47214 -0.929094 0.543066 0.0430656
1.37445 0.289713 -0.985979 0.528044 0.0280437
1.5708 0.0961167 -1.00485 0.509482 0.00948201
1.76715 -0.101185 -0.984983 0.490215 -0.00978467
1.9635 -0.294586 -0.927141 0.473186 -0.0268138
2.15984 -0.47663 -0.833555 0.460995 -0.0390046
2.35619 -0.640298 -0.707833 0.455505 -0.0444952
2.55254 -0.779281 -0.554822 0.457553 -0.042447
2.74889 -0.88822 -0.38042 0.466827 -0.0331729
2.94524 -0.962915 -0.191352 0.481911 -0.0180893
3.14159 -1.00049 0.00509319 0.5005 0.000500267
3.33794 -0.999487 0.201342 0.519757 0.0197566
3.53429 -0.959954 0.389829 0.536739 0.0367387
3.73064 -0.883411 0.563286 0.548853 0.048853
3.92699 -0.77281 0.715027 0.554249 0.0542494
4.12334 -0.632415 0.839201 0.552104 0.0521036
4.31969 -0.467638 0.931022 0.542743 0.0427435
4.51604 -0.284833 0.986948 0.527598 0.0275984
4.71239 -0.0910456 1.00483 0.508982 0.00898151
4.90874 0.106251 0.983963 0.489736 -0.0102639
5.10509 0.299452 0.925166 0.472801 -0.0271986
5.30144 0.481108 0.8307 0.460764 -0.0392362
5.49779 0.644215 0.704209 0.455462 -0.0445382
5.69414 0.782487 0.550568 0.457705 -0.0422949
5.89049 0.89059 0.375701 0.467151 -0.0328489
6.08684 0.964359 0.18635 0.482357 -0.0176428
6.28319 1.00095 -0.0101863 0.501001 0.00100098
6.47953 0.998949 -0.206329 0.520235 0.020235
6.67588 0.958436 -0.394518 0.537122 0.0371218
6.87223 0.880973 -0.567496 0.549082 0.0490823
7.06858 0.769545 -0.718596 0.55429 0.0542899
7.26493 0.628449 -0.841992 0.551949 0.0519491
7.46128 0.463124 -0.932926 0.542417 0.0424174
7.65763 0.279945 -0.987893 0.527151 0.0271508
7.85398 0.0859722 -1.00477 0.508481 0.00848059
8.05033 -0.111315 -0.982917 0.489258 -0.0107416
8.24668 -0.30431 -0.923166 0.47242 -0.0275801
8.44303 -0.485573 -0.827824 0.460537 -0.0394632
8.63938 -0.648116 -0.700567 0.455424 -0.0445761
8.83573 -0.785672 -0.5463 0.457862 -0.0421379
9.03208 -0.892938 -0.370972 0.467479 -0.0325209
9.22843 -0.965778 -0.181342 0.482806 -0.017194
9.42478 -1.00138 0.0152791 0.501502 0.00150209
9.62113 -0.998384 0.211311 0.520712 0.0207119
9.81748 -0.956893 0.399197 0.537502 0.0375017
10.0138 -0.878511 0.571692 0.549307 0.0493071
10.2102 -0.76626 0.722147 0.554325 0.0543252
10.4065 -0.624467 0.844761 0.55179 0.0517896
10.6029 -0.458598 0.934806 0.542088 0.0420876
10.7992 -0.275049 0.988812 0.526701 0.0267008
10.9956 -0.0808966 1.0047 0.507979 0.0079793
11.1919 0.116375 0.981846 0.488782 -0.0112177
11.3883 0.30916 0.921143 0.472042 -0.0279583
11.5846 0.490026 0.824926 0.460314 -0.0396857
11.781 0.652 0.696906 0.455391 -0.0446089
11.9773 0.788837 0.542019 0.458024 -0.041976
12.1737 0.895262 0.366234 0.467811 -0.0321891
12.37 0.967172 0.17633 0.483257 -0.0167429
12.5664 1.00179 -0.0203715 0.502004 0.00200355
12.7627 0.997795 -0.216288 0.521187 0.0211872
12.9591 0.955326 -0.403866 0.537878 0.0378782
13.1554 0.876028 -0.575873 0.549527 0.0495273
13.3518 0.762955 -0.725679 0.554356 0.0543555
13.5481 0.620468 -0.847508 0.551625 0.0516254
13.7445 0.45406 -0.936663 0.541754 0.0417539
13.9408 0.270147 -0.989706 0.526249 0.0262486
14.1372 0.0758189 -1.00459 0.507478 0.00747769
14.3335 -0.121432 -0.98075 0.488308 -0.0116921
14.5299 -0.314002 -0.919096 0.471667 -0.028333
14.7262 -0.494466 -0.822007 0.460096 -0.0399036
14.9226 -0.655867 -0.693228 0.455363 -0.0446367
15.1189 -0.791982 -0.537723 0.458191 -0.0418094
15.3153 -0.897564 -0.361487 0.468146 -0.0318535
15.5116 -0.968541 -0.171314 0.48371 -0.0162896
15.708 -1.00218 0.0254633 0.502505 0.0025053
15.9043 -0.997179 0.221259 0.521661 0.0216608
16.1007 -0.953735 0.408524 0.538251 0.0382512
16.297 -0.873521 0.58004 0.549743 0.0497429
16.4934 -0.759631 0.729193 0.554381 0.0543807
16.6897 -0.616454 0.850234 0.551456 0.0514563
16.8861 -0.449511 0.938495 0.541416 0.0414164
17.0824 -0.265238 0.990574 0.525794 0.0257942
17.2788 -0.0707393 1.00446 0.506976 0.00697581
17.4751 0.126487 0.979628 0.487835 -0.0121648
17.6715 0.318836 0.917025 0.471296 -0.0287044
17.8678 0.498894 0.819067 0.459883 -0.0401169
18.0642 0.659717 0.689532 0.455341 -0.0446593
18.2605 0.795107 0.533413 0.458362 -0.0416379
18.4569 0.899842 0.35673 0.468486 -0.0315141
18.6532 0.969886 0.166293 0.484166 -0.0158342
18.8496 1.00254 -0.0305546 0.503007 0.0030073
19.0459 0.996538 -0.226224 0.522133 0.0221326
19.2423 0.952119 -0.413172 0.538621 0.0386209
19.4386 0.870993 -0.584191 0.549954 0.0499539
19.635 0.756287 -0.732688 0.554401 0.0544008
19.8313 0.612424 -0.852937 0.551282 0.0512825
20.0277 0.44495 -0.940303 0.541075 0.0410751
20.224 0.260322 -0.991417 0.525338 0.0253377
20.4204 0.0656578 -1.00431 0.506474 0.00647371
20.6167 -0.131538 -0.978482 0.487364 -0.0126358
20.8131 -0.323662 -0.914931 0.470928 -0.0290723
21.0094 -0.503308 -0.816106 0.459674 -0.0403256
21.2058 -0.663551 -0.685818 0.455323 -0.0446769
21.4021 -0.798211 -0.52909 0.458538 -0.0414617
21.5984 -0.902097 -0.351964 0.468829 -0.031171
21.7948 -0.971205 -0.161268 0.484623 -0.0153766
21.9911 -1.00287 0.035645 0.503509 0.00350948
22.1875 -0.995871 0.231184 0.522603 0.0226027
22.3838 -0.950478 0.41781 0.538987 0.0389871
22.5802 -0.868442 0.588328 0.55016 0.0501603
22.7765 -0.752924 0.736164 0.554416 0.0544159
22.9729 -0.608378 0.855619 0.551104 0.0511039
23.1692 -0.440378 0.942087 0.54073 0.0407302
23.3656 -0.255399 0.992234 0.524879 0.0248791
23.5619 -0.0605747 1.00413 0.505971 0.00597145
23.7583 0.136585 0.97731 0.486895 -0.013105
23.9546 0.32848 0.912813 0.470563 -0.0294368
24.151 0.50771 0.813124 0.45947 -0.0405296
24.3473 0.667367 0.682087 0.455311 -0.0446894
24.5437 0.801294 0.524753 0.458719 -0.0412807
24.74 0.904329 0.347189 0.469176 -0.0308242
24.9364 0.9725 0.156239 0.485083 -0.0149169
25.1327 1.00318 -0.0407345 0.504012 0.00401181
25.3291 0.995179 -0.236137 0.523071 0.023071
25.5254 0.948813 -0.422437 0.53935 0.0393498
25.7218 0.865868 -0.592449 0.550362 0.050362
25.9181 0.749541 -0.739621 0.554426 0.0544258
26.1145 0.604317 -0.858279 0.550921 0.0509205
26.3108 0.435794 -0.943847 0.540382 0.0403815
26.5072 0.25047 -0.993026 0.524418 0.0244184
26.7035 0.0554899 -1.00392 0.505469 0.00546908
26.8999 -0.14163 -0.976113 0.486428 -0.0135723
27.0962 -0.333289 -0.910672 0.470202 -0.0297977
27.2926 -0.512099 -0.810121 0.459271 -0.040729
27.4889 -0.671166 -0.678338 0.455303 -0.0446968
27.6853 -0.804357 -0.520403 0.458905 -0.041095
27.8816 -0.906538 -0.342405 0.469526 -0.0304737
28.078 -0.973769 -0.151206 0.485545 -0.0144552
28.2743 -1.00346 0.045823 0.504514 0.00451422
28.4707 -0.994461 0.241085 0.523537 0.0235374
28.667 -0.947124 0.427052 0.539709 0.0397089
28.8634 -0.863273 0.596556 0.550559 0.050559
29.0597 -0.746139 0.74306 0.554431 0.0544306
29.2561 -0.60024 0.860916 0.550732 0.0507324
29.4524 -0.431199 0.945582 0.540029 0.0400292
29.6488 -0.245535 0.993793 0.523956 0.0239557
29.8451 -0.0504038 1.00369 0.504967 0.00496664
30.0415 0.14667 0.974891 0.485962 -0.0140378
30.2378 0.33809 0.908507 0.469845 -0.030155
30.4342 0.516475 0.807098 0.459076 -0.0409237
30.6305 0.674948 0.674572 0.455301 -0.0446991
30.8269 0.8074 0.516039 0.459095 -0.0409045
31.0232 0.908724 0.337612 0.46988 -0.0301196
31.2196 0.975014 0.146168 0.486009 -0.0139915
31.4159 1.00371 -0.0509103 0.505017 0.00501667
