n=       Tol=10^(-7)     Tol=10^(-6)     Tol=10^(-5)     Tol=10^(-4)   Aggressive Power Method     
50       0.0004056860    0.0002999100    0.0002580500    0.0002414330    0.0002383030
100      0.0012223650    0.0010155940    0.0009128790    0.0008284861    0.0006704390
200      0.0035090140    0.0028900020    0.0028280540    0.0024788520    0.0022069350
500      0.0222344610    0.0197417620    0.0188388590    0.0159563620    0.0158335940
1000     0.0898555320    0.0720767390    0.0720848150    0.0641959530    0.0642593730
2000     0.3688002800    0.2973763210    0.2661493390    0.2661079100    0.2661847910
3000     0.7825886279    0.6852184370    0.6144258410    0.6143517220    0.5429289320
5000     2.2695438100    1.9923332779    1.7942580300    1.7905002510    1.5981287500
Top ten ID:
when n= 50:
ID of top ten webpage was printed out:
Tol=10^(-7):       35 18 3 23 7 24 5 10 37 22 
Tol=10^(-6):       35 18 3 23 7 24 5 10 37 22 
Tol=10^(-5):       35 18 3 23 7 24 5 10 37 22 
Tol=10^(-4):       35 18 3 23 7 24 5 10 37 22 
Aggressive method: 35 18 3 23 7 24 5 10 37 22 
when n= 100:
ID of top ten webpage was printed out:
Tol=10^(-7):       63 95 53 29 11 99 92 85 1 98 
Tol=10^(-6):       63 95 53 29 11 99 92 85 1 98 
Tol=10^(-5):       63 95 53 29 11 99 92 85 1 98 
Tol=10^(-4):       63 95 53 29 11 99 92 85 1 98 
Aggressive method: 63 95 53 29 11 99 92 85 1 98 
when n= 200:
ID of top ten webpage was printed out:
Tol=10^(-7):       56 72 185 135 146 121 66 75 195 47 
Tol=10^(-6):       56 72 185 135 146 121 66 75 195 47 
Tol=10^(-5):       56 72 185 135 146 121 66 75 195 47 
Tol=10^(-4):       56 72 185 135 146 121 66 75 195 47 
Aggressive method: 56 72 185 135 146 121 66 75 195 47 
when n= 500:
ID of top ten webpage was printed out:
Tol=10^(-7):       330 324 121 22 185 372 231 340 226 40 
Tol=10^(-6):       330 324 121 22 185 372 231 340 226 40 
Tol=10^(-5):       330 324 121 22 185 372 231 340 226 40 
Tol=10^(-4):       330 324 121 22 185 372 231 340 226 40 
Aggressive method: 330 324 121 22 185 372 231 340 226 40 
when n= 1000:
ID of top ten webpage was printed out:
Tol=10^(-7):       631 349 186 594 737 512 437 352 940 577 
Tol=10^(-6):       631 349 186 594 737 512 437 352 940 577 
Tol=10^(-5):       631 349 186 594 737 512 437 352 940 577 
Tol=10^(-4):       631 349 186 594 737 512 437 352 940 577 
Aggressive method: 631 349 186 594 737 512 437 352 940 577 
when n= 2000:
ID of top ten webpage was printed out:
Tol=10^(-7):       869 176 1453 1676 1987 996 838 515 582 315 
Tol=10^(-6):       869 176 1453 1676 1987 996 838 515 582 315 
Tol=10^(-5):       869 176 1453 1676 1987 996 838 515 582 315 
Tol=10^(-4):       869 176 1453 1676 1987 996 838 515 582 315 
Aggressive method: 869 176 1453 1676 1987 996 838 515 582 315 
when n= 3000:
ID of top ten webpage was printed out:
Tol=10^(-7):       1195 1262 2479 213 114 1650 2878 111 227 2244 
Tol=10^(-6):       1195 1262 2479 213 114 1650 2878 111 227 2244 
Tol=10^(-5):       1195 1262 2479 213 114 1650 2878 111 227 2244 
Tol=10^(-4):       1195 1262 2479 213 114 1650 2878 111 227 2244 
Aggressive method: 1195 1262 2479 213 114 1650 2878 111 227 2244 
when n= 5000:
ID of top ten webpage was printed out:
Tol=10^(-7):       1222 1039 229 3701 509 3012 1492 1891 3630 602 
Tol=10^(-6):       1222 1039 229 3701 509 3012 1492 1891 3630 602 
Tol=10^(-5):       1222 1039 229 3701 509 3012 1492 1891 3630 602 
Tol=10^(-4):       1222 1039 229 3701 509 3012 1492 1891 3630 602 
Aggressive method: 1222 1039 229 3701 509 3012 1492 1891 3630 602 
