Question1:
Please input the size of matrix: 
10
Initializing the matrix A;
Matrix generation successful!
The matrix is:
0 0 0 0 0 0 0 0 0 0 
1 0 0 1 0 0 0 1 0 1 
0 1 0 0 1 1 0 1 0 0 
0 0 0 0 0 0 0 0 1 1 
0 1 1 0 0 0 0 1 0 0 
1 0 0 0 0 0 1 0 1 0 
1 0 0 1 1 1 0 1 1 1 
0 1 0 1 1 1 0 0 1 1 
0 0 0 0 0 0 0 0 0 0 
1 1 1 1 0 0 0 1 1 0 

Question2:
The matrix M is:
0.000 0.000 0.000 0.000 0.000 0.000 0.000 0.000 0.000 0.000 
0.250 0.000 0.000 0.250 0.000 0.000 0.000 0.200 0.000 0.250 
0.000 0.250 0.000 0.000 0.333 0.333 0.000 0.200 0.000 0.000 
0.000 0.000 0.000 0.000 0.000 0.000 0.000 0.000 0.200 0.250 
0.000 0.250 0.500 0.000 0.000 0.000 0.000 0.200 0.000 0.000 
0.250 0.000 0.000 0.000 0.000 0.000 1.000 0.000 0.200 0.000 
0.250 0.000 0.000 0.250 0.333 0.333 0.000 0.200 0.200 0.250 
0.000 0.250 0.000 0.250 0.333 0.333 0.000 0.000 0.200 0.250 
0.000 0.000 0.000 0.000 0.000 0.000 0.000 0.000 0.000 0.000 
0.250 0.250 0.500 0.250 0.000 0.000 0.000 0.200 0.200 0.000 
The page rank(calculated by method 1) result is:
0.015
0.0806522
0.134289
0.045138
0.114496
0.156795
0.160068
0.148734
0.015
0.129826

Question3:
The page rank(calculated by method 2) result is:
0.015
0.0806522
0.134289
0.045138
0.114496
0.156795
0.160068
0.148734
0.015
0.129826

