   10.123794030626733     
   11.097906467309880     
   14.053777111148010     
   14.073365671021119     
   14.086930111323479     
   14.076254115038441     
   14.073058109992727     
   14.077999032649180     
   14.078244851849238     
   14.076216067773876     
   14.076541945176304     
   14.077285726594262     
   14.076999770931122     
   14.076761904839545     
   14.076926087633698     
   14.076986949101711     
   14.076908515199611     
   14.076900560116798     
   14.076933613258555     
   14.076929884909720     
   14.076917436562825     
   14.076921531838058     
   14.076925657325040     
   14.076923155664291     
   14.076922027768722     
   14.076923264807586     
   14.076923457509199     
   14.076922922143456     
   14.076922956978056     
   14.076923163949225     
   14.076923106726863     
   14.076923035862324     
   14.076923073582016     
   14.076923094054447     
   14.076923074677707     
   14.076923070536576     
   14.076923079157217     
   14.076923079011785     
   14.076923075592179     
   14.076923076365482     
   14.076923077572312     
   14.076923077010463     
   14.076923076644977     
   14.076923076946262     
   14.076923077029527     
   14.076923076891539     
   14.076923076887070     
   14.076923076943228     
   14.076923076933273     
   14.076923076912880     
   14.076923076921128     
   14.076923076927564     
   14.076923076922919     
   14.076923076921316     
   14.076923076923508     
   14.076923076923682     
   14.076923076922775     
   14.076923076922929     
   14.076923076923267     
   14.076923076923004     
   14.076923076922808     
   14.076923076923361     
   14.076923076924047     
   14.076923076922672     
   14.076923076919256     
   14.076923076921878     
   14.076923076936509     
   14.076923076937110     
   14.076923076882691     
   14.076923076841835     
   14.076923077016833     
   14.076923077294067     
   14.076923076834747     
   14.076923075469939     
   14.076923076223695     
   14.076923081873622     
   14.076923083054943     
   14.076923062716231     
   14.076923043865991     
   14.076923106730167     
   14.076923221960588     
   14.076923068052285     
   14.076922527019718     
   14.076922720225181     
   14.076924885066695     
   14.076925696044341     
   14.076918157113223     
   14.076909771508126     
   14.076932081678962     
   14.076979332183855     
   14.076929217952188     
   14.076716582139005     
   14.076753630650387     
   14.077576879517295     
   14.078021799159320     
   14.075251692976780     
   14.071619764116885     
   14.079426891295720     
   12.098575843952952     
   13.082892935269985 
