   10.143466389267468     
   11.106202332494490     
   14.049692282335378     
   14.081315787902465     
   14.099215915159176     
   14.080208711271837     
   14.076792729735837     
   14.086309085983221     
   14.085510493906098     
   14.081389232663849     
   14.082755887285590     
   14.084284934060943     
   14.083301107407932     
   14.082850042899121     
   14.083398377587415     
   14.083469994747096     
   14.083208549349020     
   14.083238092835444     
   14.083347261009616     
   14.083308745386599     
   14.083269418076535     
   14.083295502310785     
   14.083306810669491     
   14.083292750447747     
   14.083291007958872     
   14.083297562412096     
   14.083296832474289     
   14.083294137868380     
   14.083295065935818     
   14.083296028437085     
   14.083295408470262     
   14.083295130462954     
   14.083295461319802     
   14.083295507446600     
   14.083295354252757     
   14.083295368541137     
   14.083295431345570     
   14.083295411231472     
   14.083295388710779     
   14.083295402336876     
   14.083295408975047     
   14.083295401672041     
   14.083295400444849     
   14.083295403836425     
   14.083295403613290     
   14.083295402215853     
   14.083295402618045     
   14.083295403124652     
   14.083295402842486     
   14.083295402689020     
   14.083295402842415     
   14.083295402873977     
   14.083295402802070     
   14.083295402804406     
   14.083295402834285     
   14.083295402826730     
   14.083295402815871     
   14.083295402821708     
   14.083295402824781     
   14.083295402820495     
   14.083295402820163     
   14.083295402826112     
   14.083295402827696     
   14.083295402812551     
   14.083295402797022     
   14.083295402836878     
   14.083295402918964     
   14.083295402838795     
   14.083295402497690     
   14.083295402536125     
   14.083295403742996     
   14.083295404456647     
   14.083295400795798     
   14.083295395768719     
   14.083295404819230     
   14.083295428431413     
   14.083295414048029     
   14.083295323188567     
   14.083295308209696     
   14.083295607099354     
   14.083295869252538     
   14.083295040889201     
   14.083293566390788     
   14.083295317530089     
   14.083301532083821     
   14.083300072608544     
   14.083278184345220     
   14.083267400603789     
   14.083332726032957     
   14.083415643300334     
   14.083258534008952     
   14.082870073700853     
   14.083106870998188     
   14.084559884616931     
   14.084845827469872     
   14.080291468584287     
   14.075990015618302     
   14.087660657903537     
   12.110379383061048     
   13.089478629090356
