   9.0000000000000000     
   10.000000000000000     
   13.000000000000000     
   13.000000000000000     
   13.000000000000000     
   13.000000000000000     
   13.000000000000000     
   13.000000000000000     
   13.000000000000000     
   13.000000000000000     
   13.000000000000000     
   13.000000000000000     
   13.000000000000000     
   13.000000000000000     
   13.000000000000000     
   13.000000000000000     
   13.000000000000000     
   13.000000000000000     
   13.000000000000000     
   13.000000000000000     
   13.000000000000000     
   13.000000000000000     
   13.000000000000000     
   13.000000000000000     
   13.000000000000000     
   13.000000000000000     
   13.000000000000000     
   13.000000000000000     
   13.000000000000000     
   13.000000000000000     
   13.000000000000000     
   13.000000000000000     
   13.000000000000000     
   13.000000000000000     
   13.000000000000000     
   13.000000000000000     
   13.000000000000000     
   13.000000000000000     
   13.000000000000000     
   13.000000000000000     
   13.000000000000000     
   13.000000000000000     
   13.000000000000000     
   13.000000000000000     
   13.000000000000000     
   13.000000000000000     
   13.000000000000000     
   13.000000000000000     
   13.000000000000000     
   13.000000000000000     
   13.000000000000000     
   13.000000000000000     
   13.000000000000000     
   13.000000000000000     
   13.000000000000000     
   13.000000000000000     
   13.000000000000000     
   13.000000000000000     
   13.000000000000000     
   13.000000000000000     
   13.000000000000000     
   13.000000000000000     
   13.000000000000000     
   13.000000000000000     
   13.000000000000000     
   13.000000000000000     
   13.000000000000000     
   13.000000000000000     
   13.000000000000000     
   13.000000000000000     
   13.000000000000000     
   13.000000000000000     
   13.000000000000000     
   13.000000000000000     
   13.000000000000000     
   13.000000000000000     
   13.000000000000000     
   13.000000000000000     
   13.000000000000000     
   13.000000000000000     
   13.000000000000000     
   13.000000000000000     
   13.000000000000000     
   13.000000000000000     
   13.000000000000000     
   13.000000000000000     
   13.000000000000000     
   13.000000000000000     
   13.000000000000000     
   13.000000000000000     
   13.000000000000000     
   13.000000000000000     
   13.000000000000000     
   13.000000000000000     
   13.000000000000000     
   13.000000000000000     
   13.000000000000000     
   13.000000000000000     
   11.000000000000000     
   12.000000000000000  
