   10.140913346316008     
   11.106024342692940     
   14.051255801395802     
   14.080027090423075     
   14.097496704381848     
   14.080658411271875     
   14.076910196465043     
   14.085159522838708     
   14.084893768346838     
   14.081365594002841     
   14.082285093421774     
   14.083602036154979     
   14.082908167456873     
   14.082497864690509     
   14.082887489773178     
   14.082976100583425     
   14.082789951485289     
   14.082793506037449     
   14.082871919725896     
   14.082853089153772     
   14.082823992055920     
   14.082838362948605     
   14.082847507366308     
   14.082839438049142     
   14.082837348663679     
   14.082841201861353     
   14.082841240086287     
   14.082839613595974     
   14.082839951281242     
   14.082840559493285     
   14.082840286183284     
   14.082840091058538     
   14.082840247491060     
   14.082840295110971     
   14.082840219578058     
   14.082840216039028     
   14.082840248254060     
   14.082840242783725     
   14.082840230567628     
   14.082840235469240     
   14.082840239487243     
   14.082840236590005     
   14.082840235546122     
   14.082840236970792     
   14.082840237097528     
   14.082840236480660     
   14.082840236560404     
   14.082840236798381     
   14.082840236714489     
   14.082840236634141     
   14.082840236685957     
   14.082840236708035     
   14.082840236681953     
   14.082840236678425     
   14.082840236689911     
   14.082840236688881     
   14.082840236684412     
   14.082840236685929     
   14.082840236687399     
   14.082840236685918     
   14.082840236685414     
   14.082840236687939     
   14.082840236689664     
   14.082840236683174     
   14.082840236672867     
   14.082840236688336     
   14.082840236736244     
   14.082840236714524     
   14.082840236527073     
   14.082840236473368     
   14.082840237108114     
   14.082840237746181     
   14.082840235921763     
   14.082840232359080     
   14.082840236374599     
   14.082840251905790     
   14.082840248504159     
   14.082840190839809     
   14.082840162415945     
   14.082840347096088     
   14.082840577641116     
   14.082840086333601     
   14.082838926410664     
   14.082839842432378     
   14.082844569454917     
   14.082844682404804     
   14.082828195083897     
   14.082816167568875     
   14.082865186620680     
   14.082941687639750     
   14.082825761766349     
   14.082478951752453     
   14.082632414036025     
   14.083933278734904     
   14.084335680022791     
   14.080188530183735     
   14.075847184158873     
   14.086727559719135     
   12.109187140156465     
   13.089190389494515 
