0 1.5708 2
0.01 1.57084 2
0.02 1.57095 2
0.03 1.57115 2
0.04 1.57143 2
0.05 1.57178 2
0.06 1.57221 2
0.07 1.57273 2
0.08 1.57332 2
0.09 1.57399 2
0.1 1.57475 3
0.11 1.57558 3
0.12 1.5765 3
0.13 1.5775 3
0.14 1.57858 3
0.15 1.57975 3
0.16 1.581 3
0.17 1.58233 3
0.18 1.58376 4
0.19 1.58527 4
0.2 1.58687 4
0.21 1.58856 4
0.22 1.59034 4
0.23 1.59221 4
0.24 1.59418 4
0.25 1.59624 4
0.26 1.5984 4
0.27 1.60066 4
0.28 1.60302 4
0.29 1.60548 4
0.3 1.60805 4
0.31 1.61072 4
0.32 1.6135 4
0.33 1.6164 4
0.34 1.6194 4
0.35 1.62253 4
0.36 1.62577 4
0.37 1.62914 4
0.38 1.63263 5
0.39 1.63625 5
0.4 1.64 5
0.41 1.64389 5
0.42 1.64792 5
0.43 1.65209 5
0.44 1.65641 5
0.45 1.66089 5
0.46 1.66552 5
0.47 1.67032 5
0.48 1.67528 5
0.49 1.68043 5
0.5 1.68575 5
0.51 1.69126 5
0.52 1.69697 5
0.53 1.70288 5
0.54 1.70901 5
0.55 1.71535 5
0.56 1.72193 5
0.57 1.72875 5
0.58 1.73581 5
0.59 1.74315 4
0.6 1.75075 4
0.61 1.75865 4
0.62 1.76685 6
0.63 1.77538 6
0.64 1.78424 6
0.65 1.79345 6
0.66 1.80305 6
0.67 1.81305 6
0.68 1.82347 6
0.69 1.83434 6
0.7 1.84569 6
0.71 1.85756 6
0.72 1.86999 6
0.73 1.883 6
0.74 1.89665 6
0.75 1.91099 6
0.76 1.92607 6
0.77 1.94197 6
0.78 1.95875 7
0.79 1.97649 7
0.8 1.9953 3
0.81 2.01529 7
0.82 2.03657 7
0.83 2.05932 7
0.84 2.0837 7
0.85 2.10994 7
0.86 2.13828 7
0.87 2.16906 8
0.88 2.20268 8
0.89 2.23962 8
0.9 2.28055 8
0.91 2.32631 8
0.92 2.37807 8
0.93 2.43746 9
0.94 2.50686 9
0.95 2.59001 10
0.96 2.69314 10
0.97 2.828 11
0.98 3.02098 12
0.99 3.3566 14
1 7.94738 106
