0 1
0.015708 1.00003
0.0314159 1.00012
0.0471239 1.00028
0.0628319 1.00049
0.0785398 1.00077
0.0942478 1.00111
0.109956 1.00151
0.125664 1.00197
0.141372 1.00249
0.15708 1.00307
0.172788 1.00372
0.188496 1.00442
0.204204 1.00518
0.219911 1.006
0.235619 1.00688
0.251327 1.00782
0.267035 1.00882
0.282743 1.00987
0.298451 1.01099
0.314159 1.01215
0.329867 1.01338
0.345575 1.01466
0.361283 1.01599
0.376991 1.01738
0.392699 1.01882
0.408407 1.02032
0.424115 1.02186
0.439823 1.02346
0.455531 1.02511
0.471239 1.0268
0.486947 1.02855
0.502655 1.03034
0.518363 1.03217
0.534071 1.03405
0.549779 1.03598
0.565487 1.03794
0.581195 1.03995
0.596903 1.042
0.612611 1.04408
0.628319 1.0462
0.644026 1.04836
0.659734 1.05055
0.675442 1.05277
0.69115 1.05502
0.706858 1.0573
0.722566 1.0596
0.738274 1.06193
0.753982 1.06428
0.76969 1.06665
0.785398 1.06904
0.801106 1.07145
0.816814 1.07387
0.832522 1.0763
0.84823 1.07875
0.863938 1.08119
0.879646 1.08365
0.895354 1.0861
0.911062 1.08856
0.92677 1.09101
0.942478 1.09345
0.958186 1.09589
0.973894 1.09831
0.989602 1.10073
1.00531 1.10312
1.02102 1.10549
1.03673 1.10785
1.05243 1.11017
1.06814 1.11247
1.08385 1.11474
1.09956 1.11697
1.11527 1.11916
1.13097 1.12132
1.14668 1.12343
1.16239 1.12549
1.1781 1.12751
1.19381 1.12947
1.20951 1.13138
1.22522 1.13323
1.24093 1.13502
1.25664 1.13675
1.27235 1.13841
1.28805 1.14001
1.30376 1.14153
1.31947 1.14298
1.33518 1.14435
1.35088 1.14565
1.36659 1.14687
1.3823 1.148
1.39801 1.14905
1.41372 1.15002
1.42942 1.1509
1.44513 1.15169
1.46084 1.15239
1.47655 1.153
1.49226 1.15352
1.50796 1.15394
1.52367 1.15427
1.53938 1.15451
1.55509 1.15465
1.5708 1.1547
